# tarantool bps_orig (rwdi_clang)
insert	1.00	1.00	1.00	1.00	1.00	1.00	1.00	1000000	2.19	456869
replace	1.00	1.00	1.00	1.00	1.00	1.00	1.00	1000000	2.22	451227
select	1.00	1.00	1.00	1.00	1.00	1.00	1.00	1000000	1.32	754909
delete	1.00	1.00	1.00	1.00	1.00	1.00	1.00	1000000	2.36	423435
insert	1.00	1.00	1.00	1.00	1.00	1.00	1.00	1000000	2.19	456778
replace	1.00	1.00	1.00	1.00	1.00	1.00	1.00	1000000	2.22	450884
select	1.00	1.00	1.00	1.00	1.00	1.00	1.00	1000000	1.32	755959
delete	1.00	1.00	1.00	1.00	1.00	1.00	1.00	1000000	2.36	424004
insert	1.00	1.00	1.00	1.00	1.00	1.00	1.00	1000000	2.19	456671
replace	1.00	1.00	1.00	1.00	1.00	1.00	1.00	1000000	2.22	450284
select	1.00	1.00	1.00	1.00	1.00	1.00	1.00	1000000	1.33	753089
delete	1.00	1.00	1.00	1.00	1.00	1.00	1.00	1000000	2.36	423533
insert	1.00	1.00	1.00	1.00	1.00	1.00	1.00	1000000	2.19	457570
replace	1.00	1.00	1.00	1.00	1.00	1.00	1.00	1000000	2.22	450648
select	1.00	1.00	1.00	1.00	1.00	1.00	1.00	1000000	1.32	756273
delete	1.00	1.00	1.00	1.00	1.00	1.00	1.00	1000000	2.36	424012
insert	1.00	1.00	1.00	1.00	1.00	1.00	1.00	1000000	2.19	457145
replace	1.00	1.00	1.00	1.00	1.00	1.00	1.00	1000000	2.22	451234
select	1.00	1.00	1.00	1.00	1.00	1.00	1.00	1000000	1.32	756882
delete	1.00	1.00	1.00	1.00	1.00	1.00	1.00	1000000	2.36	424036
insert	1.00	1.00	1.00	1.00	1.00	1.00	1.00	1000000	2.19	456716
replace	1.00	1.00	1.00	1.00	1.00	1.00	1.00	1000000	2.22	450085
select	1.00	1.00	1.00	1.00	1.00	1.00	1.00	1000000	1.33	753470
delete	1.00	1.00	1.00	1.00	1.00	1.00	1.00	1000000	2.36	422996
insert	1.00	1.00	1.00	1.00	1.00	1.00	1.00	1000000	2.19	455853
replace	1.00	1.00	1.00	1.00	1.00	1.00	1.00	1000000	2.22	450922
select	1.00	1.00	1.00	1.00	1.00	1.00	1.00	1000000	1.30	767305
delete	1.00	1.00	1.00	1.00	1.00	1.00	1.00	1000000	2.36	424532
insert	1.00	1.00	1.00	1.00	1.00	1.00	1.00	1000000	2.19	456803
replace	1.00	1.00	1.00	1.00	1.00	1.00	1.00	1000000	2.23	449361
select	1.00	1.00	1.00	1.00	1.00	1.00	1.00	1000000	1.30	767105
delete	1.00	1.00	1.00	1.00	1.00	1.00	1.00	1000000	2.36	423557
insert	1.00	1.00	1.00	1.00	1.00	1.00	1.00	1000000	2.19	457016
replace	1.00	1.00	1.00	1.00	1.00	1.00	1.00	1000000	2.22	450535
select	1.00	1.00	1.00	1.00	1.00	1.00	1.00	1000000	1.30	767704
delete	1.00	1.00	1.00	1.00	1.00	1.00	1.00	1000000	2.36	423626
insert	1.00	1.00	1.00	1.00	1.00	1.00	1.00	1000000	2.19	456759
replace	1.00	1.00	1.00	1.00	1.00	1.00	1.00	1000000	2.22	450774
select	1.00	1.00	1.00	1.00	1.00	1.00	1.00	1000000	1.30	767364
delete	1.00	1.00	1.00	1.00	1.00	1.00	1.00	1000000	2.36	424479
# tarantool bps_inner_card (rwdi_clang)
insert	1.00	1.00	1.00	1.00	1.00	1.00	1.00	1000000	2.23	447686
replace	1.00	1.00	1.00	1.00	1.00	1.00	1.00	1000000	2.22	450957
select	1.00	1.00	1.00	1.00	1.00	1.00	1.00	1000000	1.37	727616
delete	1.00	1.00	1.00	1.00	1.00	1.00	1.00	1000000	2.41	415423
insert	1.00	1.00	1.00	1.00	1.00	1.00	1.00	1000000	2.24	447345
replace	1.00	1.00	1.00	1.00	1.00	1.00	1.00	1000000	2.22	450890
select	1.00	1.00	1.00	1.00	1.00	1.00	1.00	1000000	1.38	725023
delete	1.00	1.00	1.00	1.00	1.00	1.00	1.00	1000000	2.41	414658
insert	1.00	1.00	1.00	1.00	1.00	1.00	1.00	1000000	2.23	448703
replace	1.00	1.00	1.00	1.00	1.00	1.00	1.00	1000000	2.22	450873
select	1.00	1.00	1.00	1.00	1.00	1.00	1.00	1000000	1.38	725816
delete	1.00	1.00	1.00	1.00	1.00	1.00	1.00	1000000	2.41	415662
insert	1.00	1.00	1.00	1.00	1.00	1.00	1.00	1000000	2.23	447431
replace	1.00	1.00	1.00	1.00	1.00	1.00	1.00	1000000	2.22	450427
select	1.00	1.00	1.00	1.00	1.00	1.00	1.00	1000000	1.38	727184
delete	1.00	1.00	1.00	1.00	1.00	1.00	1.00	1000000	2.41	415771
insert	1.00	1.00	1.00	1.00	1.00	1.00	1.00	1000000	2.23	448059
replace	1.00	1.00	1.00	1.00	1.00	1.00	1.00	1000000	2.22	450634
select	1.00	1.00	1.00	1.00	1.00	1.00	1.00	1000000	1.38	726814
delete	1.00	1.00	1.00	1.00	1.00	1.00	1.00	1000000	2.41	415480
insert	1.00	1.00	1.00	1.00	1.00	1.00	1.00	1000000	2.24	447363
replace	1.00	1.00	1.00	1.00	1.00	1.00	1.00	1000000	2.22	451279
select	1.00	1.00	1.00	1.00	1.00	1.00	1.00	1000000	1.38	726360
delete	1.00	1.00	1.00	1.00	1.00	1.00	1.00	1000000	2.41	415261
insert	1.00	1.00	1.00	1.00	1.00	1.00	1.00	1000000	2.24	445595
replace	1.00	1.00	1.00	1.00	1.00	1.00	1.00	1000000	2.22	450870
select	1.00	1.00	1.00	1.00	1.00	1.00	1.00	1000000	1.33	753280
delete	1.00	1.00	1.00	1.00	1.00	1.00	1.00	1000000	2.41	415161
insert	1.00	1.00	1.00	1.00	1.00	1.00	1.00	1000000	2.23	447751
replace	1.00	1.00	1.00	1.00	1.00	1.00	1.00	1000000	2.22	450856
select	1.00	1.00	1.00	1.00	1.00	1.00	1.00	1000000	1.33	753207
delete	1.00	1.00	1.00	1.00	1.00	1.00	1.00	1000000	2.41	415648
insert	1.00	1.00	1.00	1.00	1.00	1.00	1.00	1000000	2.23	448887
replace	1.00	1.00	1.00	1.00	1.00	1.00	1.00	1000000	2.22	450831
select	1.00	1.00	1.00	1.00	1.00	1.00	1.00	1000000	1.33	752944
delete	1.00	1.00	1.00	1.00	1.00	1.00	1.00	1000000	2.41	415342
insert	1.00	1.00	1.00	1.00	1.00	1.00	1.00	1000000	2.24	446948
replace	1.00	1.00	1.00	1.00	1.00	1.00	1.00	1000000	2.22	450764
select	1.00	1.00	1.00	1.00	1.00	1.00	1.00	1000000	1.33	752859
delete	1.00	1.00	1.00	1.00	1.00	1.00	1.00	1000000	2.41	414996
# tarantool bps_inner_child_cards (rwdi_clang)
insert	1.00	1.00	1.00	1.00	1.00	1.00	1.00	1000000	2.27	440248
replace	1.00	1.00	1.00	1.00	1.00	1.00	1.00	1000000	2.22	450703
select	1.00	1.00	1.00	1.00	1.00	1.00	1.00	1000000	1.39	719099
delete	1.00	1.00	1.00	1.00	1.00	1.00	1.00	1000000	2.41	415364
insert	1.00	1.00	1.00	1.00	1.00	1.00	1.00	1000000	2.27	440459
replace	1.00	1.00	1.00	1.00	1.00	1.00	1.00	1000000	2.22	450471
select	1.00	1.00	1.00	1.00	1.00	1.00	1.00	1000000	1.39	718555
delete	1.00	1.00	1.00	1.00	1.00	1.00	1.00	1000000	2.40	415813
insert	1.00	1.00	1.00	1.00	1.00	1.00	1.00	1000000	2.28	439460
replace	1.00	1.00	1.00	1.00	1.00	1.00	1.00	1000000	2.22	450009
select	1.00	1.00	1.00	1.00	1.00	1.00	1.00	1000000	1.39	719383
delete	1.00	1.00	1.00	1.00	1.00	1.00	1.00	1000000	2.41	415207
insert	1.00	1.00	1.00	1.00	1.00	1.00	1.00	1000000	2.27	440546
replace	1.00	1.00	1.00	1.00	1.00	1.00	1.00	1000000	2.22	451389
select	1.00	1.00	1.00	1.00	1.00	1.00	1.00	1000000	1.39	719102
delete	1.00	1.00	1.00	1.00	1.00	1.00	1.00	1000000	2.41	415571
insert	1.00	1.00	1.00	1.00	1.00	1.00	1.00	1000000	2.27	440150
replace	1.00	1.00	1.00	1.00	1.00	1.00	1.00	1000000	2.22	450402
select	1.00	1.00	1.00	1.00	1.00	1.00	1.00	1000000	1.39	718280
delete	1.00	1.00	1.00	1.00	1.00	1.00	1.00	1000000	2.41	414129
insert	1.00	1.00	1.00	1.00	1.00	1.00	1.00	1000000	2.27	439795
replace	1.00	1.00	1.00	1.00	1.00	1.00	1.00	1000000	2.22	450546
select	1.00	1.00	1.00	1.00	1.00	1.00	1.00	1000000	1.39	717282
delete	1.00	1.00	1.00	1.00	1.00	1.00	1.00	1000000	2.41	414990
insert	1.00	1.00	1.00	1.00	1.00	1.00	1.00	1000000	2.27	439591
replace	1.00	1.00	1.00	1.00	1.00	1.00	1.00	1000000	2.22	450392
select	1.00	1.00	1.00	1.00	1.00	1.00	1.00	1000000	1.37	729963
delete	1.00	1.00	1.00	1.00	1.00	1.00	1.00	1000000	2.41	414918
insert	1.00	1.00	1.00	1.00	1.00	1.00	1.00	1000000	2.27	440744
replace	1.00	1.00	1.00	1.00	1.00	1.00	1.00	1000000	2.22	449983
select	1.00	1.00	1.00	1.00	1.00	1.00	1.00	1000000	1.37	730746
delete	1.00	1.00	1.00	1.00	1.00	1.00	1.00	1000000	2.41	414602
insert	1.00	1.00	1.00	1.00	1.00	1.00	1.00	1000000	2.27	441199
replace	1.00	1.00	1.00	1.00	1.00	1.00	1.00	1000000	2.22	450695
select	1.00	1.00	1.00	1.00	1.00	1.00	1.00	1000000	1.37	730155
delete	1.00	1.00	1.00	1.00	1.00	1.00	1.00	1000000	2.41	414576
insert	1.00	1.00	1.00	1.00	1.00	1.00	1.00	1000000	2.27	440340
replace	1.00	1.00	1.00	1.00	1.00	1.00	1.00	1000000	2.22	450645
select	1.00	1.00	1.00	1.00	1.00	1.00	1.00	1000000	1.37	730493
delete	1.00	1.00	1.00	1.00	1.00	1.00	1.00	1000000	2.41	414775
# tarantool bps_both (rwdi_clang)
insert	1.00	1.00	1.00	1.00	1.00	1.00	1.00	1000000	2.34	427003
replace	1.00	1.00	1.00	1.00	1.00	1.00	1.00	1000000	2.22	451086
select	1.00	1.00	1.00	1.00	1.00	1.00	1.00	1000000	1.37	730930
delete	1.00	1.00	1.00	1.00	1.00	1.00	1.00	1000000	2.48	402682
insert	1.00	1.00	1.00	1.00	1.00	1.00	1.00	1000000	2.34	427131
replace	1.00	1.00	1.00	1.00	1.00	1.00	1.00	1000000	2.22	451467
select	1.00	1.00	1.00	1.00	1.00	1.00	1.00	1000000	1.37	731312
delete	1.00	1.00	1.00	1.00	1.00	1.00	1.00	1000000	2.48	402794
insert	1.00	1.00	1.00	1.00	1.00	1.00	1.00	1000000	2.34	426817
replace	1.00	1.00	1.00	1.00	1.00	1.00	1.00	1000000	2.22	451400
select	1.00	1.00	1.00	1.00	1.00	1.00	1.00	1000000	1.37	731938
delete	1.00	1.00	1.00	1.00	1.00	1.00	1.00	1000000	2.48	402622
insert	1.00	1.00	1.00	1.00	1.00	1.00	1.00	1000000	2.34	427113
replace	1.00	1.00	1.00	1.00	1.00	1.00	1.00	1000000	2.21	451470
select	1.00	1.00	1.00	1.00	1.00	1.00	1.00	1000000	1.37	730984
delete	1.00	1.00	1.00	1.00	1.00	1.00	1.00	1000000	2.48	402768
insert	1.00	1.00	1.00	1.00	1.00	1.00	1.00	1000000	2.34	426808
replace	1.00	1.00	1.00	1.00	1.00	1.00	1.00	1000000	2.22	451130
select	1.00	1.00	1.00	1.00	1.00	1.00	1.00	1000000	1.37	730269
delete	1.00	1.00	1.00	1.00	1.00	1.00	1.00	1000000	2.49	402239
insert	1.00	1.00	1.00	1.00	1.00	1.00	1.00	1000000	2.34	427703
replace	1.00	1.00	1.00	1.00	1.00	1.00	1.00	1000000	2.22	451344
select	1.00	1.00	1.00	1.00	1.00	1.00	1.00	1000000	1.37	731905
delete	1.00	1.00	1.00	1.00	1.00	1.00	1.00	1000000	2.49	402151
insert	1.00	1.00	1.00	1.00	1.00	1.00	1.00	1000000	2.36	424437
replace	1.00	1.00	1.00	1.00	1.00	1.00	1.00	1000000	2.22	451260
select	1.00	1.00	1.00	1.00	1.00	1.00	1.00	1000000	1.35	743154
delete	1.00	1.00	1.00	1.00	1.00	1.00	1.00	1000000	2.48	403109
insert	1.00	1.00	1.00	1.00	1.00	1.00	1.00	1000000	2.34	427626
replace	1.00	1.00	1.00	1.00	1.00	1.00	1.00	1000000	2.21	451525
select	1.00	1.00	1.00	1.00	1.00	1.00	1.00	1000000	1.35	742718
delete	1.00	1.00	1.00	1.00	1.00	1.00	1.00	1000000	2.48	402786
insert	1.00	1.00	1.00	1.00	1.00	1.00	1.00	1000000	2.35	425995
replace	1.00	1.00	1.00	1.00	1.00	1.00	1.00	1000000	2.22	451209
select	1.00	1.00	1.00	1.00	1.00	1.00	1.00	1000000	1.35	740896
delete	1.00	1.00	1.00	1.00	1.00	1.00	1.00	1000000	2.48	402840
insert	1.00	1.00	1.00	1.00	1.00	1.00	1.00	1000000	2.34	426547
replace	1.00	1.00	1.00	1.00	1.00	1.00	1.00	1000000	2.22	451334
select	1.00	1.00	1.00	1.00	1.00	1.00	1.00	1000000	1.35	741398
delete	1.00	1.00	1.00	1.00	1.00	1.00	1.00	1000000	2.48	402613
