# tarantool bps_orig (rwdi_clang)
insert	0.00	0.00	0.00	0.00	0.00	0.00	0.00	1000000	2.18	458179
replace	0.00	0.00	0.00	0.00	0.00	0.00	0.00	1000000	2.22	450729
select	0.00	0.00	0.00	0.00	0.00	0.00	0.00	1000000	1.33	754369
delete	0.00	0.00	0.00	0.00	0.00	0.00	0.00	1000000	2.35	424639
insert	0.00	0.00	0.00	0.00	0.00	0.00	0.00	1000000	2.18	458793
replace	0.00	0.00	0.00	0.00	0.00	0.00	0.00	1000000	2.22	451331
select	0.00	0.00	0.00	0.00	0.00	0.00	0.00	1000000	1.32	757264
delete	0.00	0.00	0.00	0.00	0.00	0.00	0.00	1000000	2.35	425173
insert	0.00	0.00	0.00	0.00	0.00	0.00	0.00	1000000	2.18	457782
replace	0.00	0.00	0.00	0.00	0.00	0.00	0.00	1000000	2.22	451345
select	0.00	0.00	0.00	0.00	0.00	0.00	0.00	1000000	1.33	753146
delete	0.00	0.00	0.00	0.00	0.00	0.00	0.00	1000000	2.36	424101
insert	0.00	0.00	0.00	0.00	0.00	0.00	0.00	1000000	2.18	459169
replace	0.00	0.00	0.00	0.00	0.00	0.00	0.00	1000000	2.22	451453
select	0.00	0.00	0.00	0.00	0.00	0.00	0.00	1000000	1.32	755714
delete	0.00	0.00	0.00	0.00	0.00	0.00	0.00	1000000	2.35	425367
insert	0.00	0.00	0.00	0.00	0.00	0.00	0.00	1000000	2.18	458690
replace	0.00	0.00	0.00	0.00	0.00	0.00	0.00	1000000	2.22	451295
select	0.00	0.00	0.00	0.00	0.00	0.00	0.00	1000000	1.32	754793
delete	0.00	0.00	0.00	0.00	0.00	0.00	0.00	1000000	2.35	425193
insert	0.00	0.00	0.00	0.00	0.00	0.00	0.00	1000000	2.18	457736
replace	0.00	0.00	0.00	0.00	0.00	0.00	0.00	1000000	2.22	451347
select	0.00	0.00	0.00	0.00	0.00	0.00	0.00	1000000	1.33	753234
delete	0.00	0.00	0.00	0.00	0.00	0.00	0.00	1000000	2.36	424443
insert	0.00	0.00	0.00	0.00	0.00	0.00	0.00	1000000	2.19	456761
replace	0.00	0.00	0.00	0.00	0.00	0.00	0.00	1000000	2.21	451503
select	0.00	0.00	0.00	0.00	0.00	0.00	0.00	1000000	1.31	766028
delete	0.00	0.00	0.00	0.00	0.00	0.00	0.00	1000000	2.35	424782
insert	0.00	0.00	0.00	0.00	0.00	0.00	0.00	1000000	2.18	458827
replace	0.00	0.00	0.00	0.00	0.00	0.00	0.00	1000000	2.22	450873
select	0.00	0.00	0.00	0.00	0.00	0.00	0.00	1000000	1.30	768419
delete	0.00	0.00	0.00	0.00	0.00	0.00	0.00	1000000	2.35	424945
insert	0.00	0.00	0.00	0.00	0.00	0.00	0.00	1000000	2.18	458661
replace	0.00	0.00	0.00	0.00	0.00	0.00	0.00	1000000	2.22	451015
select	0.00	0.00	0.00	0.00	0.00	0.00	0.00	1000000	1.31	766048
delete	0.00	0.00	0.00	0.00	0.00	0.00	0.00	1000000	2.35	424631
insert	0.00	0.00	0.00	0.00	0.00	0.00	0.00	1000000	2.18	458046
replace	0.00	0.00	0.00	0.00	0.00	0.00	0.00	1000000	2.22	450949
select	0.00	0.00	0.00	0.00	0.00	0.00	0.00	1000000	1.30	766893
delete	0.00	0.00	0.00	0.00	0.00	0.00	0.00	1000000	2.36	424166
# tarantool bps_inner_card (rwdi_clang)
insert	0.00	0.00	0.00	0.00	0.00	0.00	0.00	1000000	2.24	445865
replace	0.00	0.00	0.00	0.00	0.00	0.00	0.00	1000000	2.24	446119
select	0.00	0.00	0.00	0.00	0.00	0.00	0.00	1000000	1.37	729109
delete	0.00	0.00	0.00	0.00	0.00	0.00	0.00	1000000	2.40	416720
insert	0.00	0.00	0.00	0.00	0.00	0.00	0.00	1000000	2.24	445594
replace	0.00	0.00	0.00	0.00	0.00	0.00	0.00	1000000	2.24	445690
select	0.00	0.00	0.00	0.00	0.00	0.00	0.00	1000000	1.37	727890
delete	0.00	0.00	0.00	0.00	0.00	0.00	0.00	1000000	2.40	415971
insert	0.00	0.00	0.00	0.00	0.00	0.00	0.00	1000000	2.24	445775
replace	0.00	0.00	0.00	0.00	0.00	0.00	0.00	1000000	2.23	448747
select	0.00	0.00	0.00	0.00	0.00	0.00	0.00	1000000	1.38	727271
delete	0.00	0.00	0.00	0.00	0.00	0.00	0.00	1000000	2.40	416441
insert	0.00	0.00	0.00	0.00	0.00	0.00	0.00	1000000	2.24	445541
replace	0.00	0.00	0.00	0.00	0.00	0.00	0.00	1000000	2.25	443652
select	0.00	0.00	0.00	0.00	0.00	0.00	0.00	1000000	1.37	728660
delete	0.00	0.00	0.00	0.00	0.00	0.00	0.00	1000000	2.40	416739
insert	0.00	0.00	0.00	0.00	0.00	0.00	0.00	1000000	2.24	445815
replace	0.00	0.00	0.00	0.00	0.00	0.00	0.00	1000000	2.24	445853
select	0.00	0.00	0.00	0.00	0.00	0.00	0.00	1000000	1.37	729512
delete	0.00	0.00	0.00	0.00	0.00	0.00	0.00	1000000	2.41	415778
insert	0.00	0.00	0.00	0.00	0.00	0.00	0.00	1000000	2.24	446276
replace	0.00	0.00	0.00	0.00	0.00	0.00	0.00	1000000	2.24	446069
select	0.00	0.00	0.00	0.00	0.00	0.00	0.00	1000000	1.37	728594
delete	0.00	0.00	0.00	0.00	0.00	0.00	0.00	1000000	2.40	416472
insert	0.00	0.00	0.00	0.00	0.00	0.00	0.00	1000000	2.26	442753
replace	0.00	0.00	0.00	0.00	0.00	0.00	0.00	1000000	2.24	446632
select	0.00	0.00	0.00	0.00	0.00	0.00	0.00	1000000	1.32	755700
delete	0.00	0.00	0.00	0.00	0.00	0.00	0.00	1000000	2.40	416797
insert	0.00	0.00	0.00	0.00	0.00	0.00	0.00	1000000	2.24	445726
replace	0.00	0.00	0.00	0.00	0.00	0.00	0.00	1000000	2.25	445413
select	0.00	0.00	0.00	0.00	0.00	0.00	0.00	1000000	1.33	754625
delete	0.00	0.00	0.00	0.00	0.00	0.00	0.00	1000000	2.40	416464
insert	0.00	0.00	0.00	0.00	0.00	0.00	0.00	1000000	2.24	445843
replace	0.00	0.00	0.00	0.00	0.00	0.00	0.00	1000000	2.23	447628
select	0.00	0.00	0.00	0.00	0.00	0.00	0.00	1000000	1.32	756561
delete	0.00	0.00	0.00	0.00	0.00	0.00	0.00	1000000	2.40	416079
insert	0.00	0.00	0.00	0.00	0.00	0.00	0.00	1000000	2.25	443821
replace	0.00	0.00	0.00	0.00	0.00	0.00	0.00	1000000	2.25	443918
select	0.00	0.00	0.00	0.00	0.00	0.00	0.00	1000000	1.32	755977
delete	0.00	0.00	0.00	0.00	0.00	0.00	0.00	1000000	2.45	407592
# tarantool bps_inner_child_cards (rwdi_clang)
insert	0.00	0.00	0.00	0.00	0.00	0.00	0.00	1000000	2.27	440413
replace	0.00	0.00	0.00	0.00	0.00	0.00	0.00	1000000	2.22	450818
select	0.00	0.00	0.00	0.00	0.00	0.00	0.00	1000000	1.39	719356
delete	0.00	0.00	0.00	0.00	0.00	0.00	0.00	1000000	2.41	414725
insert	0.00	0.00	0.00	0.00	0.00	0.00	0.00	1000000	2.27	440619
replace	0.00	0.00	0.00	0.00	0.00	0.00	0.00	1000000	2.22	450434
select	0.00	0.00	0.00	0.00	0.00	0.00	0.00	1000000	1.39	719981
delete	0.00	0.00	0.00	0.00	0.00	0.00	0.00	1000000	2.40	415872
insert	0.00	0.00	0.00	0.00	0.00	0.00	0.00	1000000	2.27	439775
replace	0.00	0.00	0.00	0.00	0.00	0.00	0.00	1000000	2.24	445700
select	0.00	0.00	0.00	0.00	0.00	0.00	0.00	1000000	1.39	719668
delete	0.00	0.00	0.00	0.00	0.00	0.00	0.00	1000000	2.41	415178
insert	0.00	0.00	0.00	0.00	0.00	0.00	0.00	1000000	2.27	440444
replace	0.00	0.00	0.00	0.00	0.00	0.00	0.00	1000000	2.22	450324
select	0.00	0.00	0.00	0.00	0.00	0.00	0.00	1000000	1.39	719483
delete	0.00	0.00	0.00	0.00	0.00	0.00	0.00	1000000	2.41	415070
insert	0.00	0.00	0.00	0.00	0.00	0.00	0.00	1000000	2.27	440637
replace	0.00	0.00	0.00	0.00	0.00	0.00	0.00	1000000	2.23	449381
select	0.00	0.00	0.00	0.00	0.00	0.00	0.00	1000000	1.39	719408
delete	0.00	0.00	0.00	0.00	0.00	0.00	0.00	1000000	2.41	414596
insert	0.00	0.00	0.00	0.00	0.00	0.00	0.00	1000000	2.28	438456
replace	0.00	0.00	0.00	0.00	0.00	0.00	0.00	1000000	2.22	450156
select	0.00	0.00	0.00	0.00	0.00	0.00	0.00	1000000	1.39	718406
delete	0.00	0.00	0.00	0.00	0.00	0.00	0.00	1000000	2.41	414880
insert	0.00	0.00	0.00	0.00	0.00	0.00	0.00	1000000	2.27	439872
replace	0.00	0.00	0.00	0.00	0.00	0.00	0.00	1000000	2.22	450113
select	0.00	0.00	0.00	0.00	0.00	0.00	0.00	1000000	1.37	730433
delete	0.00	0.00	0.00	0.00	0.00	0.00	0.00	1000000	2.41	414633
insert	0.00	0.00	0.00	0.00	0.00	0.00	0.00	1000000	2.27	440250
replace	0.00	0.00	0.00	0.00	0.00	0.00	0.00	1000000	2.23	448152
select	0.00	0.00	0.00	0.00	0.00	0.00	0.00	1000000	1.37	732097
delete	0.00	0.00	0.00	0.00	0.00	0.00	0.00	1000000	2.41	414587
insert	0.00	0.00	0.00	0.00	0.00	0.00	0.00	1000000	2.27	441164
replace	0.00	0.00	0.00	0.00	0.00	0.00	0.00	1000000	2.22	450845
select	0.00	0.00	0.00	0.00	0.00	0.00	0.00	1000000	1.37	731259
delete	0.00	0.00	0.00	0.00	0.00	0.00	0.00	1000000	2.41	414857
insert	0.00	0.00	0.00	0.00	0.00	0.00	0.00	1000000	2.27	440176
replace	0.00	0.00	0.00	0.00	0.00	0.00	0.00	1000000	2.23	448655
select	0.00	0.00	0.00	0.00	0.00	0.00	0.00	1000000	1.37	730805
delete	0.00	0.00	0.00	0.00	0.00	0.00	0.00	1000000	2.41	414375
# tarantool bps_both (rwdi_clang)
insert	0.00	0.00	0.00	0.00	0.00	0.00	0.00	1000000	2.27	441023
replace	0.00	0.00	0.00	0.00	0.00	0.00	0.00	1000000	2.21	451516
select	0.00	0.00	0.00	0.00	0.00	0.00	0.00	1000000	1.37	732173
delete	0.00	0.00	0.00	0.00	0.00	0.00	0.00	1000000	2.43	411925
insert	0.00	0.00	0.00	0.00	0.00	0.00	0.00	1000000	2.28	439548
replace	0.00	0.00	0.00	0.00	0.00	0.00	0.00	1000000	2.22	451345
select	0.00	0.00	0.00	0.00	0.00	0.00	0.00	1000000	1.37	732197
delete	0.00	0.00	0.00	0.00	0.00	0.00	0.00	1000000	2.43	412241
insert	0.00	0.00	0.00	0.00	0.00	0.00	0.00	1000000	2.26	441732
replace	0.00	0.00	0.00	0.00	0.00	0.00	0.00	1000000	2.21	451488
select	0.00	0.00	0.00	0.00	0.00	0.00	0.00	1000000	1.37	731545
delete	0.00	0.00	0.00	0.00	0.00	0.00	0.00	1000000	2.43	411972
insert	0.00	0.00	0.00	0.00	0.00	0.00	0.00	1000000	2.27	441434
replace	0.00	0.00	0.00	0.00	0.00	0.00	0.00	1000000	2.21	451650
select	0.00	0.00	0.00	0.00	0.00	0.00	0.00	1000000	1.36	732672
delete	0.00	0.00	0.00	0.00	0.00	0.00	0.00	1000000	2.43	411757
insert	0.00	0.00	0.00	0.00	0.00	0.00	0.00	1000000	2.27	441402
replace	0.00	0.00	0.00	0.00	0.00	0.00	0.00	1000000	2.22	451425
select	0.00	0.00	0.00	0.00	0.00	0.00	0.00	1000000	1.36	733054
delete	0.00	0.00	0.00	0.00	0.00	0.00	0.00	1000000	2.43	411751
insert	0.00	0.00	0.00	0.00	0.00	0.00	0.00	1000000	2.26	442060
replace	0.00	0.00	0.00	0.00	0.00	0.00	0.00	1000000	2.21	451499
select	0.00	0.00	0.00	0.00	0.00	0.00	0.00	1000000	1.36	733074
delete	0.00	0.00	0.00	0.00	0.00	0.00	0.00	1000000	2.43	412132
insert	0.00	0.00	0.00	0.00	0.00	0.00	0.00	1000000	2.28	438089
replace	0.00	0.00	0.00	0.00	0.00	0.00	0.00	1000000	2.21	451530
select	0.00	0.00	0.00	0.00	0.00	0.00	0.00	1000000	1.34	744102
delete	0.00	0.00	0.00	0.00	0.00	0.00	0.00	1000000	2.43	411824
insert	0.00	0.00	0.00	0.00	0.00	0.00	0.00	1000000	2.27	440433
replace	0.00	0.00	0.00	0.00	0.00	0.00	0.00	1000000	2.22	451319
select	0.00	0.00	0.00	0.00	0.00	0.00	0.00	1000000	1.34	744205
delete	0.00	0.00	0.00	0.00	0.00	0.00	0.00	1000000	2.43	411224
insert	0.00	0.00	0.00	0.00	0.00	0.00	0.00	1000000	2.27	441195
replace	0.00	0.00	0.00	0.00	0.00	0.00	0.00	1000000	2.22	451237
select	0.00	0.00	0.00	0.00	0.00	0.00	0.00	1000000	1.34	744819
delete	0.00	0.00	0.00	0.00	0.00	0.00	0.00	1000000	2.43	411833
insert	0.00	0.00	0.00	0.00	0.00	0.00	0.00	1000000	2.28	439110
replace	0.00	0.00	0.00	0.00	0.00	0.00	0.00	1000000	2.22	451342
select	0.00	0.00	0.00	0.00	0.00	0.00	0.00	1000000	1.35	743393
delete	0.00	0.00	0.00	0.00	0.00	0.00	0.00	1000000	2.43	411477
